A = [2 1 2; 1 2 3; 4 1 2]
I = [1 0 0; 0 1 0; 0 0 1]

C = [A I]